0 
0 
0 
0 
0 
0 
0 
0 
0 
0 
0 
0 
0 
0 
0 
0 
0 
0 
0 
0 
0 
0 
0 
0 
0 
0 
0 
0 
0 
0 
0 
0 
0 
0 
0 
0 
0 
0 
0 
0 
0 
0 
0 
0 
0 
0 
0 
0 
0 
0 
11 
706 
707 
1174 
1175 
1449 
1450 
1781 
1782 
1842 
1843 
1886 
1995 
1996 
2432 
2433 
2818 
2819 
2932 
3001 
3002 
3754 
3755 
4214 
4677 
4678 
4835 
5130 
5272 
5547 
6216 
6917 
6918 
7190 
7191 
7467 
7731 
7987 
8439 
8756 
9489 
9490 
9845 
10322 
10859 
11308 
12270 
12271 
12501 
12502 
13196 
13197 
13319 
13832 
14130 
14131 
14640 
15153 
15154 
15176 
15177 
15868 
16606 
16607 
16638 
16703 
16943 
16944 
17274 
17356 
17357 
17395 
17396 
17679 
17680 
17944 
17945 
18145 
18245 
18246 
18382 
18443 
18444 
18538 
18846 
18847 
19107 
19108 
19309 
19310 
