9 74
74 80
214 91
343 104
485 122
574 120
642 138
784 144
923 166
989 174
1127 194
1255 203
1323 202
1462 217
1538 232
1612 233
1720 251
1792 254
1931 264
2075 278
2098 280
2231 293
2372 303
2445 312
2531 327
2565 322
2633 323
2772 338
2913 353
3048 368
3188 373
3253 379
3387 392
3521 410
3642 421
3709 424
3841 442
3977 457
4069 462
4140 467
4213 489
4345 486
4472 503
4541 499
4609 516
4748 525
4863 528
4933 529
5065 556
5201 573
5337 568
5473 594
5533 584
5664 602
5799 611
5936 630
6072 638
6147 655
6287 662
6390 683
6462 680
6601 708
6629 710
6768 715
6840 727
6980 745
7058 735
7192 785
7324 780
7445 783
7516 792
7647 804
7766 804
7835 821
7973 820
8108 839
8238 837
8376 860
8412 844
8542 876
8670 878
8728 903
8859 894
8997 900
9135 948
9171 921
9309 928
9444 939
9577 972
9679 966
9750 983
9887 986
10018 1007
10101 1018
10172 1019
10309 1072
10443 1058
10585 1071
10721 1061
10859 1071
10911 1084
11052 1097
11130 1100
11199 1105
11333 1152
11458 1127
11589 1143
11730 1146
11751 1136
11867 1163
11936 1166
12074 1172
12209 1209
12337 1215
12412 1224
12558 1216
12593 1223
12736 1242
12879 1285
13030 1288
13043 1271
13187 1297
13330 1300
13476 1300
13535 1343
13555 1318
13703 1330
13849 1334
13992 1365
14136 1398
14159 1363
14303 1387
14454 1399
14601 1446
14746 1419
14776 1466
14812 1440
14864 1445
15005 1515
15082 1462
15221 1470
15360 1526
15435 1490
15475 1495
15621 1500
15731 1552
15800 1513
15933 1535
15983 1578
16135 1598
16200 1639
16274 1641
16384 1621
16447 1591
16591 1615
16649 1597
16799 1631
16929 1624
17002 1639
17118 1651
17192 1660
17268 1674
17334 1674
17411 1660
17559 1697
17668 1682
17678 1712
17811 1739
17951 1700
18082 1722
18222 1767
18243 1741
18381 1817
18522 1770
18656 1824
18724 1780
18867 1814
18924 1838
19061 1811
19198 1866
19207 1835
19349 1887
19389 1844
19526 1908
19671 1877
19765 1927
19831 1906
19970 1964
20112 1941
20178 1947
20200 1929
20300 1970
20371 1925
20511 1970
20650 1963
20785 2016
20920 1998
20990 1989
21126 2060
21255 2037
21311 2036
21441 2076
21574 2087
21713 2089
21738 2064
21880 2118
21951 2116
22080 2079
22141 2137
22276 2124
22348 2173
22486 2171
22532 2163
22664 2176
22798 2166
22935 2225
23072 2188
23200 2243
23263 2206
23399 2225
23534 2222
23674 2293
23814 2243
23885 2282
24019 2262
24059 2323
24200 2312
24296 2330
24366 2362
24507 2350
24577 2334
24725 2352
24793 2392
24926 2365
25062 2408
25114 2372
25251 2413
