9 24
214 43
485 104
642 101
923 153
1127 193
1323 192
1538 221
1720 238
1931 262
2098 287
2372 322
2531 342
2633 339
2913 384
3188 419
3387 436
3642 466
3841 492
4069 533
4213 528
4472 558
4609 581
4863 612
5065 626
5337 669
5533 687
5799 721
6072 748
6287 781
6462 793
6629 828
6840 861
7058 871
7324 901
7516 923
7766 951
7973 978
8238 1000
8412 1030
8670 1086
8859 1075
9135 1112
9309 1140
9577 1167
9750 1181
10018 1203
10172 1242
10443 1258
10721 1297
10911 1310
11130 1336
11333 1361
11589 1389
11751 1403
11936 1438
12209 1449
12412 1478
12593 1506
12879 1547
13043 1575
13330 1591
13535 1615
13703 1620
13992 1661
14159 1698
14454 1725
14746 1756
14812 1775
15005 1783
15221 1810
15435 1861
15621 1872
15800 1902
15983 1900
16200 1936
16384 1982
16591 1982
16799 1999
17002 2033
17192 2047
17334 2060
17559 2092
17678 2107
17951 2149
18222 2152
18381 2194
18656 2227
18867 2271
19061 2274
19207 2324
19389 2307
19671 2352
19831 2382
20112 2399
20200 2404
20371 2430
20650 2476
20920 2534
21126 2538
21311 2554
21574 2589
21738 2614
21951 2634
22141 2647
22348 2689
22532 2714
22798 2739
23072 2769
23263 2774
23534 2810
23814 2842
24019 2882
24200 2939
24366 2918
24577 2957
24793 2973
25062 3017
25251 3014
25435 3048
25705 3059
25975 3090
26145 3144
26395 3155
26594 3174
26838 3210
27044 3216
